{
 "cells": [
  {
   "cell_type": "markdown",
   "metadata": {},
   "source": [
    "## STATS 507 HW10 Problem 3: Build a Convolutional Neural Network using Estimators  \n",
    "Code adapted from https://www.tensorflow.org/tutorials/estimators/cnn  \n",
    "The __`tf.layers`__ module provides a high-level API that makes it easy to construct a neural network. It provides methods that facilitate the creation of dense (fully connected) layers and convolutional layers, adding activation functions, and applying dropout regularization. In this tutorial, you'll learn how to use layers to build a convolutional neural network model to recognize the handwritten digits in the MNIST data set."
   ]
  },
  {
   "cell_type": "markdown",
   "metadata": {},
   "source": [
    "### Building the CNN MNIST Classifier\n",
    "\n",
    "Let's build a model to classify the images in the MNIST dataset using the following CNN architecture:\n",
    "\n",
    "* __Convolutional Layer #1__: Applies 32 5x5 filters (extracting 5x5-pixel subregions), with ReLU activation function\n",
    "Pooling Layer #1: Performs max pooling with a 2x2 filter and stride of 2 (which specifies that pooled regions do not overlap)\n",
    "* __Convolutional Layer #2__: Applies 64 5x5 filters, with ReLU activation function\n",
    "* __Pooling Layer #2__: Again, performs max pooling with a 2x2 filter and stride of 2\n",
    "* __Dense Layer #1__: 1,024 neurons, with dropout regularization rate of 0.4 (probability of 0.4 that any given element will be dropped during training)\n",
    "* __Dense Layer #2 (Logits Layer)__: 10 neurons, one for each digit target class (0–9).\n",
    "\n",
    "The `tf.layers` module contains methods to create each of the three layer types above:\n",
    "\n",
    "* `conv2d().` Constructs a two-dimensional convolutional layer. Takes number of filters, filter kernel size, padding, and activation function as arguments.\n",
    "* `max_pooling2d().` Constructs a two-dimensional pooling layer using the max-pooling algorithm. Takes pooling filter size and stride as arguments.\n",
    "* `dense().` Constructs a dense layer. Takes number of neurons and activation function as arguments.\n",
    "Each of these methods accepts a tensor as input and returns a transformed tensor as output. This makes it easy to connect one layer to another: just take the output from one layer-creation method and supply it as input to another.\n",
    "\n",
    "Add the following __`cnn_model_fn`__ function, which conforms to the interface expected by TensorFlow's Estimator API (more on this later in Create the Estimator). This function takes MNIST feature __data, labels, and mode__ (from `tf.estimator.ModeKeys: TRAIN, EVAL, PREDICT`) as arguments; configures the CNN; and returns __predictions, loss, and a training operation__:"
   ]
  },
  {
   "cell_type": "code",
   "execution_count": 16,
   "metadata": {},
   "outputs": [],
   "source": [
    "from __future__ import absolute_import, division, print_function\n",
    "\n",
    "import tensorflow as tf\n",
    "import numpy as np\n",
    "\n",
    "tf.logging.set_verbosity(tf.logging.INFO)"
   ]
  },
  {
   "cell_type": "markdown",
   "metadata": {},
   "source": [
    "### Model function for CNN"
   ]
  },
  {
   "cell_type": "code",
   "execution_count": 17,
   "metadata": {},
   "outputs": [],
   "source": [
    "def cnn_model_fn(features, labels, mode):\n",
    "    \n",
    "    '''Input Layer: [batch_size, image_height, image_width, channels]\n",
    "    batch size: -1, which specifies that this dimension should be dynamically computed based on the number of input values in features[\"x\"], holding the size of all other dimensions constant.'''\n",
    "    \n",
    "    input_layer = tf.reshape(features[\"x\"], [-1, 28, 28, 1])\n",
    "\n",
    "    '''Convolutional Layer #1: \n",
    "    filter, kernel_size: 32 5x5 filters to the input layer, with ReLU activation function\n",
    "    padding: specify that the output tensor should have the same height and width values as the input tensor, \n",
    "    instructs TensorFlow to add 0 values to the edges of the input tensor to preserve height and width of 28'''\n",
    "    \n",
    "    conv1 = tf.layers.conv2d(\n",
    "      inputs=input_layer,\n",
    "      filters=32,\n",
    "      kernel_size=[5, 5],\n",
    "      padding=\"same\",\n",
    "      activation=tf.nn.relu)\n",
    "\n",
    "  # Pooling Layer #1\n",
    "    pool1 = tf.layers.max_pooling2d(inputs=conv1, pool_size=[2, 2], strides=2)\n",
    "\n",
    "  # Convolutional Layer #2 and Pooling Layer #2\n",
    "    conv2 = tf.layers.conv2d(\n",
    "      inputs=pool1,\n",
    "      filters=64,\n",
    "      kernel_size=[5, 5],\n",
    "      padding=\"same\",\n",
    "      activation=tf.nn.relu)\n",
    "    pool2 = tf.layers.max_pooling2d(inputs=conv2, pool_size=[2, 2], strides=2)\n",
    "\n",
    "  # Dense Layer\n",
    "    pool2_flat = tf.reshape(pool2, [-1, 7 * 7 * 64])\n",
    "    dense = tf.layers.dense(inputs=pool2_flat, units=1024, activation=tf.nn.relu)\n",
    "    dropout = tf.layers.dropout(\n",
    "        inputs=dense, rate=0.4, training=mode == tf.estimator.ModeKeys.TRAIN)\n",
    "\n",
    "  # Logits Layer\n",
    "    logits = tf.layers.dense(inputs=dropout, units=10)\n",
    "    \n",
    "    predictions = {\n",
    "      # Generate predictions (for PREDICT and EVAL mode)\n",
    "      \"classes\": tf.argmax(input=logits, axis=1),\n",
    "      # Add `softmax_tensor` to the graph. It is used for PREDICT and by the\n",
    "      # `logging_hook`.\n",
    "      \"probabilities\": tf.nn.softmax(logits, name=\"softmax_tensor\")\n",
    "  }\n",
    "    \n",
    "    if mode == tf.estimator.ModeKeys.PREDICT:\n",
    "        return tf.estimator.EstimatorSpec(mode=mode, predictions=predictions)\n",
    "\n",
    "  # Calculate Loss (for both TRAIN and EVAL modes)\n",
    "    loss = tf.losses.sparse_softmax_cross_entropy(labels=labels, logits=logits)\n",
    "\n",
    "  # Configure the Training Op (for TRAIN mode)\n",
    "    if mode == tf.estimator.ModeKeys.TRAIN:\n",
    "        optimizer = tf.train.GradientDescentOptimizer(learning_rate=0.001)\n",
    "        train_op = optimizer.minimize(\n",
    "            loss=loss,\n",
    "            global_step=tf.train.get_global_step())\n",
    "        return tf.estimator.EstimatorSpec(mode=mode, loss=loss, train_op=train_op)\n",
    "\n",
    "  # Add evaluation metrics (for EVAL mode)\n",
    "    eval_metric_ops = {\n",
    "      \"accuracy\": tf.metrics.accuracy(\n",
    "          labels=labels, predictions=predictions[\"classes\"])\n",
    "    }\n",
    "    \n",
    "    return tf.estimator.EstimatorSpec(\n",
    "        mode=mode, loss=loss, eval_metric_ops=eval_metric_ops)"
   ]
  },
  {
   "cell_type": "markdown",
   "metadata": {},
   "source": [
    "### Training and Evaluating the CNN MNIST Classifier\n",
    "#### Set up"
   ]
  },
  {
   "cell_type": "code",
   "execution_count": 18,
   "metadata": {},
   "outputs": [
    {
     "name": "stdout",
     "output_type": "stream",
     "text": [
      "INFO:tensorflow:Using default config.\n",
      "INFO:tensorflow:Using config: {'_model_dir': '/tmp/mnist_convnet_model', '_tf_random_seed': None, '_save_summary_steps': 100, '_save_checkpoints_steps': None, '_save_checkpoints_secs': 600, '_session_config': allow_soft_placement: true\n",
      "graph_options {\n",
      "  rewrite_options {\n",
      "    meta_optimizer_iterations: ONE\n",
      "  }\n",
      "}\n",
      ", '_keep_checkpoint_max': 5, '_keep_checkpoint_every_n_hours': 10000, '_log_step_count_steps': 100, '_train_distribute': None, '_device_fn': None, '_protocol': None, '_eval_distribute': None, '_experimental_distribute': None, '_service': None, '_cluster_spec': <tensorflow.python.training.server_lib.ClusterSpec object at 0x1301e02e8>, '_task_type': 'worker', '_task_id': 0, '_global_id_in_cluster': 0, '_master': '', '_evaluation_master': '', '_is_chief': True, '_num_ps_replicas': 0, '_num_worker_replicas': 1}\n"
     ]
    }
   ],
   "source": [
    "# Load training and eval data\n",
    "((train_data, train_labels),\n",
    " (eval_data, eval_labels)) = tf.keras.datasets.mnist.load_data()\n",
    "\n",
    "train_data = train_data/np.float32(255) # 55,000 images\n",
    "train_labels = train_labels.astype(np.int32)\n",
    "eval_data = eval_data/np.float32(255) # 10,000 images\n",
    "eval_labels = eval_labels.astype(np.int32)\n",
    "\n",
    "# Create the Estimator: model_fn = model function, model_dir = directory where the model data (checkpoints) will be saved.\n",
    "mnist_classifier = tf.estimator.Estimator(\n",
    "    model_fn=cnn_model_fn, model_dir=\"/tmp/mnist_convnet_model\")\n",
    "\n",
    "# Set up logging for predictions: track progress during training\n",
    "tensors_to_log = {\"probabilities\": \"softmax_tensor\"}\n",
    "\n",
    "logging_hook = tf.train.LoggingTensorHook(\n",
    "    tensors=tensors_to_log, every_n_iter=50)"
   ]
  },
  {
   "cell_type": "markdown",
   "metadata": {},
   "source": [
    "#### Training"
   ]
  },
  {
   "cell_type": "code",
   "execution_count": 19,
   "metadata": {},
   "outputs": [
    {
     "name": "stdout",
     "output_type": "stream",
     "text": [
      "INFO:tensorflow:Calling model_fn.\n",
      "INFO:tensorflow:Done calling model_fn.\n",
      "INFO:tensorflow:Create CheckpointSaverHook.\n",
      "INFO:tensorflow:Graph was finalized.\n",
      "INFO:tensorflow:Restoring parameters from /tmp/mnist_convnet_model/model.ckpt-2002\n",
      "INFO:tensorflow:Running local_init_op.\n",
      "INFO:tensorflow:Done running local_init_op.\n",
      "INFO:tensorflow:Saving checkpoints for 2002 into /tmp/mnist_convnet_model/model.ckpt.\n",
      "INFO:tensorflow:probabilities = [[0.01930306 0.00022307 0.94605637 0.01312365 0.00112087 0.0065746\n",
      "  0.01026562 0.0001486  0.0015208  0.00166354]\n",
      " [0.00051872 0.00049125 0.02507609 0.12930958 0.22346169 0.1163171\n",
      "  0.13362776 0.05573069 0.05072848 0.2647387 ]\n",
      " [0.00530184 0.00005542 0.9848638  0.00452356 0.00088718 0.00171237\n",
      "  0.00150962 0.00007353 0.00095083 0.00012193]\n",
      " [0.01906956 0.02903073 0.15976055 0.36301047 0.01674925 0.17639239\n",
      "  0.11490732 0.01679629 0.07522941 0.02905399]\n",
      " [0.9013267  0.00002989 0.01757689 0.00195442 0.00026924 0.06277401\n",
      "  0.00237916 0.00113978 0.01226654 0.00028334]\n",
      " [0.00184985 0.00773978 0.07984485 0.81367725 0.00152603 0.02531855\n",
      "  0.00239922 0.01325348 0.04012017 0.01427077]\n",
      " [0.00049784 0.00033672 0.00061394 0.00020145 0.96749085 0.00492653\n",
      "  0.00469887 0.00436649 0.00272615 0.01414116]\n",
      " [0.01532552 0.01037673 0.28478026 0.0372592  0.00554626 0.54010254\n",
      "  0.02063089 0.00020897 0.08267494 0.00309472]\n",
      " [0.03267021 0.14618656 0.03277308 0.04024244 0.07230846 0.3041732\n",
      "  0.01446691 0.06389508 0.26887777 0.02440624]\n",
      " [0.01288758 0.01734268 0.69191766 0.04141786 0.00085795 0.05401086\n",
      "  0.04202959 0.00042138 0.13797332 0.00114108]\n",
      " [0.00626678 0.02000874 0.06257037 0.00443804 0.14562704 0.00826385\n",
      "  0.67826396 0.00163128 0.06104098 0.01188888]\n",
      " [0.00133352 0.00000229 0.00136177 0.00031725 0.9614584  0.00173621\n",
      "  0.00166073 0.0031372  0.00037097 0.02862169]\n",
      " [0.00982491 0.11315981 0.0083125  0.0106263  0.03122478 0.03908766\n",
      "  0.01210079 0.09495277 0.10159926 0.5791112 ]\n",
      " [0.20673732 0.00042302 0.01262795 0.00982072 0.3934764  0.02707946\n",
      "  0.03393098 0.13662262 0.00658304 0.17269848]\n",
      " [0.00249956 0.00176448 0.01213146 0.00942775 0.67946345 0.02955866\n",
      "  0.09584182 0.00111963 0.00615106 0.16204208]\n",
      " [0.0275051  0.00025439 0.01478812 0.00178678 0.1324271  0.01629966\n",
      "  0.001987   0.5176065  0.00898996 0.27835548]\n",
      " [0.7293525  0.0006158  0.02489099 0.00837523 0.04535435 0.04278474\n",
      "  0.04316619 0.00802903 0.03514135 0.06228982]\n",
      " [0.9383703  0.00000738 0.00087364 0.00023099 0.00012794 0.0583124\n",
      "  0.00076885 0.00031413 0.00058972 0.00040458]\n",
      " [0.0002859  0.00027573 0.0038038  0.00052864 0.9332014  0.00151701\n",
      "  0.00493883 0.00846843 0.00210982 0.04487048]\n",
      " [0.4401085  0.00037565 0.02684344 0.08741771 0.02251503 0.194419\n",
      "  0.04885534 0.03704443 0.09697995 0.04544099]\n",
      " [0.00231057 0.07447165 0.12546457 0.0972743  0.10242934 0.045754\n",
      "  0.03939948 0.20104484 0.09369019 0.218161  ]\n",
      " [0.00099978 0.00087574 0.0014654  0.00239271 0.88445854 0.00857115\n",
      "  0.02331519 0.00967525 0.00849793 0.05974837]\n",
      " [0.00208599 0.00834226 0.0186018  0.03850607 0.00562728 0.01620258\n",
      "  0.01150516 0.00163564 0.891145   0.00634821]\n",
      " [0.00028727 0.01200943 0.958277   0.01602704 0.00014266 0.00113639\n",
      "  0.00970998 0.00009728 0.00211119 0.00020172]\n",
      " [0.083446   0.00639637 0.35080975 0.03283534 0.06531283 0.1944114\n",
      "  0.1398541  0.01332882 0.09212711 0.02147819]\n",
      " [0.00113184 0.00705153 0.11184882 0.30410802 0.00306647 0.04884237\n",
      "  0.01474825 0.02373909 0.47597963 0.00948402]\n",
      " [0.00289125 0.1360101  0.3570172  0.0457173  0.00811974 0.03290979\n",
      "  0.29211912 0.00093843 0.10484669 0.01943047]\n",
      " [0.00986766 0.01751023 0.5528968  0.28958264 0.01076997 0.01469423\n",
      "  0.0582053  0.00572595 0.02521601 0.01553121]\n",
      " [0.01097687 0.1050149  0.15752716 0.18817599 0.03151745 0.02558304\n",
      "  0.01654964 0.2816678  0.10316484 0.07982229]\n",
      " [0.09842037 0.00526621 0.01614757 0.12726027 0.00832675 0.2956652\n",
      "  0.00259209 0.00536844 0.43617272 0.00478032]\n",
      " [0.02906214 0.08346019 0.05899198 0.02262329 0.2108837  0.15304014\n",
      "  0.11227272 0.03409843 0.18451485 0.11105252]\n",
      " [0.01970984 0.03955552 0.02847617 0.03046893 0.26313785 0.07983606\n",
      "  0.07521068 0.11050586 0.19433756 0.15876156]\n",
      " [0.00180081 0.01886231 0.00716678 0.0913607  0.01205775 0.02484198\n",
      "  0.00346535 0.7399839  0.03275844 0.06770199]\n",
      " [0.01586047 0.0000859  0.00278128 0.04836767 0.01671291 0.71854264\n",
      "  0.1544685  0.00711723 0.02817535 0.00788804]\n",
      " [0.00010419 0.8017185  0.01749824 0.00948389 0.05025471 0.01045524\n",
      "  0.01293348 0.00440214 0.03344185 0.05970789]\n",
      " [0.00174531 0.08484676 0.02371447 0.1018918  0.00711443 0.01895754\n",
      "  0.0031869  0.5523265  0.10771199 0.0985043 ]\n",
      " [0.0129995  0.00266806 0.02723286 0.86696666 0.00009272 0.02468778\n",
      "  0.00048064 0.0214286  0.04145582 0.00198732]\n",
      " [0.00324604 0.02892114 0.0384163  0.2663554  0.01960174 0.14761652\n",
      "  0.02360706 0.02683325 0.35745406 0.08794852]\n",
      " [0.01297205 0.00707483 0.01112819 0.03204228 0.0074487  0.3630924\n",
      "  0.0021177  0.12860236 0.24968182 0.18583962]\n",
      " [0.92907417 0.00017396 0.0385134  0.00346209 0.00077763 0.01234224\n",
      "  0.00838087 0.00320861 0.00245622 0.00161084]\n",
      " [0.8314453  0.00019362 0.03744993 0.00601384 0.00077829 0.01356534\n",
      "  0.08756763 0.00171333 0.01693705 0.0043356 ]\n",
      " [0.00436933 0.00012756 0.02367743 0.02638206 0.48587373 0.00509367\n",
      "  0.13376088 0.05402555 0.01492834 0.25176144]\n",
      " [0.01075309 0.04237462 0.04116327 0.56291264 0.00618043 0.03093199\n",
      "  0.06381003 0.01937813 0.19753906 0.02495673]\n",
      " [0.02118909 0.00699591 0.09899714 0.00893248 0.09021673 0.09900728\n",
      "  0.0072537  0.03966866 0.11866739 0.50907165]\n",
      " [0.00107148 0.06986045 0.00694276 0.04562804 0.16909246 0.08785138\n",
      "  0.01970278 0.12209086 0.07048703 0.40727273]\n",
      " [0.01560713 0.01552205 0.05131811 0.18765748 0.11294392 0.23123296\n",
      "  0.1928825  0.01924252 0.124309   0.04928432]\n",
      " [0.10140948 0.08333316 0.0757226  0.02168985 0.15634997 0.12514634\n",
      "  0.04803201 0.05893939 0.2516486  0.0777285 ]\n",
      " [0.0013384  0.00001947 0.01712684 0.00014007 0.42476562 0.00073657\n",
      "  0.54363126 0.00598916 0.00045482 0.00579779]\n",
      " [0.3632551  0.00139996 0.3226674  0.17238629 0.00512098 0.06858137\n",
      "  0.02169183 0.01146469 0.02984662 0.00358576]\n",
      " [0.11458261 0.00159808 0.03494977 0.00502044 0.01554601 0.4475331\n",
      "  0.0184803  0.01126491 0.29865715 0.05236767]\n",
      " [0.00108102 0.860253   0.03301362 0.00995929 0.00580861 0.00589542\n",
      "  0.00230571 0.02629534 0.02647379 0.02891427]\n",
      " [0.00016369 0.00000609 0.00031753 0.00021169 0.9630634  0.00109663\n",
      "  0.00052859 0.00343791 0.0006477  0.0305268 ]\n",
      " [0.0064735  0.42416376 0.03539414 0.10080178 0.03249038 0.0334717\n",
      "  0.03457047 0.04141428 0.21345621 0.07776376]\n",
      " [0.02322834 0.04103363 0.0607201  0.59252304 0.03614029 0.06888838\n",
      "  0.00544585 0.03825242 0.11431007 0.0194579 ]\n",
      " [0.01332535 0.02548678 0.00633951 0.0218814  0.06593659 0.02217508\n",
      "  0.00774819 0.5152642  0.05450302 0.26733986]\n",
      " [0.00113776 0.02066883 0.92815083 0.03352475 0.00034422 0.0027026\n",
      "  0.00333813 0.00046436 0.00939156 0.00027693]\n",
      " [0.06740556 0.00420786 0.07218501 0.11778466 0.02488473 0.21532309\n",
      "  0.04262709 0.01026466 0.3757547  0.06956269]\n",
      " [0.9141792  0.00003497 0.02315408 0.00887406 0.00118679 0.02613173\n",
      "  0.00380794 0.00398302 0.01368765 0.00496068]\n",
      " [0.00535849 0.0090238  0.01217083 0.00731065 0.49885002 0.01466573\n",
      "  0.01038753 0.03022434 0.03999723 0.3720114 ]\n",
      " [0.00351914 0.00244733 0.0032785  0.00898243 0.23814    0.05024894\n",
      "  0.01417176 0.09735662 0.04433221 0.53752303]\n",
      " [0.02382172 0.01714389 0.0489686  0.2591504  0.00710543 0.14574634\n",
      "  0.29928973 0.00532952 0.1293699  0.06407452]\n",
      " [0.3237683  0.00389841 0.25158802 0.03309014 0.00954305 0.08128049\n",
      "  0.11106111 0.00726039 0.16346419 0.01504587]\n",
      " [0.01400417 0.05388647 0.16025321 0.03410747 0.27074847 0.18606815\n",
      "  0.08240289 0.00340903 0.17399618 0.02112402]\n",
      " [0.98001    0.00002882 0.00111539 0.00042638 0.00076025 0.00344281\n",
      "  0.00993534 0.00156472 0.00228136 0.00043499]\n",
      " [0.074688   0.06430015 0.03829331 0.00711746 0.20811222 0.11978957\n",
      "  0.0711542  0.02196042 0.29420766 0.10037699]\n",
      " [0.00601531 0.03809855 0.05234487 0.41323763 0.01949503 0.16635402\n",
      "  0.03031135 0.03053263 0.22037996 0.02323066]\n",
      " [0.02054337 0.00053742 0.10013039 0.01355927 0.06574531 0.07039671\n",
      "  0.6571704  0.01010877 0.01374817 0.04806019]\n",
      " [0.0068791  0.00482275 0.028545   0.00585754 0.16109954 0.52971333\n",
      "  0.06823296 0.00784627 0.09322178 0.09378176]\n",
      " [0.02369709 0.03702824 0.03612372 0.03829778 0.01598609 0.45961544\n",
      "  0.00861958 0.04551532 0.31917772 0.015939  ]\n",
      " [0.00019941 0.00254617 0.00048637 0.00591815 0.11010391 0.04246156\n",
      "  0.01245054 0.01077136 0.0158078  0.7992548 ]\n",
      " [0.00045414 0.00011284 0.0026408  0.00039546 0.70992965 0.00346422\n",
      "  0.04257481 0.01093782 0.00327905 0.2262113 ]\n",
      " [0.00379493 0.00018028 0.01849991 0.00409389 0.58692724 0.06676055\n",
      "  0.00562093 0.00120347 0.02354284 0.289376  ]\n",
      " [0.00692279 0.02341129 0.01869912 0.02012403 0.34091696 0.05146513\n",
      "  0.04221363 0.06833418 0.15939863 0.2685143 ]\n",
      " [0.06548592 0.00008797 0.02409194 0.00070479 0.5917931  0.02175968\n",
      "  0.16195399 0.00529495 0.03576833 0.09305938]\n",
      " [0.01975117 0.00032078 0.0132481  0.02737136 0.00069448 0.02820743\n",
      "  0.00389387 0.00118581 0.90446967 0.00085733]\n",
      " [0.5424435  0.00529599 0.05675838 0.02047152 0.02367838 0.2536327\n",
      "  0.02271301 0.0176539  0.02707083 0.03028177]\n",
      " [0.04420203 0.01462624 0.81814224 0.03655464 0.00378911 0.02159725\n",
      "  0.02930333 0.00335759 0.0258478  0.00257973]\n",
      " [0.04371928 0.00047032 0.0115633  0.01117017 0.4290816  0.02426939\n",
      "  0.01610392 0.04546127 0.02344597 0.39471477]\n",
      " [0.35369942 0.00310298 0.03957616 0.00161825 0.28407478 0.08406989\n",
      "  0.1302003  0.009981   0.03628058 0.05739665]\n",
      " [0.00010463 0.96601903 0.00544669 0.00869313 0.00041262 0.0014855\n",
      "  0.00116787 0.0044248  0.01016781 0.00207792]\n",
      " [0.04153401 0.00052657 0.0055449  0.00006263 0.01016589 0.00079422\n",
      "  0.9267847  0.00026732 0.01037549 0.00394432]\n",
      " [0.01227546 0.3693602  0.01529277 0.02522364 0.00560212 0.05238839\n",
      "  0.01813595 0.01108648 0.48188645 0.00874856]\n",
      " [0.10737316 0.00013857 0.0179153  0.00986519 0.00591288 0.12100166\n",
      "  0.70755845 0.00024548 0.01808191 0.01190729]\n",
      " [0.03588007 0.00878508 0.0111312  0.23402874 0.00635635 0.57965\n",
      "  0.03055889 0.00572765 0.08244433 0.00543774]\n",
      " [0.02148393 0.00004024 0.01777571 0.01995428 0.00010152 0.0022293\n",
      "  0.00028559 0.93560016 0.00104092 0.00148839]\n",
      " [0.00115154 0.18720224 0.02054692 0.00229013 0.2845122  0.01926315\n",
      "  0.04773401 0.02055499 0.02717663 0.3895682 ]\n",
      " [0.18836269 0.00210231 0.00429031 0.00439523 0.00239914 0.4290657\n",
      "  0.00837985 0.01831374 0.333545   0.00914603]\n",
      " [0.00081886 0.00231914 0.01389148 0.15721098 0.00127998 0.00342382\n",
      "  0.00110973 0.78075993 0.01801196 0.02117411]\n",
      " [0.01303265 0.00895965 0.8884674  0.01041863 0.00060012 0.0040446\n",
      "  0.06457893 0.0012319  0.00745174 0.00121442]\n",
      " [0.00050205 0.04200279 0.16178589 0.10019829 0.1368117  0.01004926\n",
      "  0.00812167 0.37826025 0.05708742 0.10518067]\n",
      " [0.00010062 0.01110931 0.00127277 0.00216355 0.90637916 0.00772254\n",
      "  0.01126515 0.00290035 0.01137055 0.04571611]\n",
      " [0.6635515  0.00029608 0.02199588 0.04020513 0.00167976 0.08350117\n",
      "  0.06182982 0.03618295 0.05917782 0.03157986]\n",
      " [0.00086639 0.00348434 0.01599547 0.14714186 0.04410649 0.157552\n",
      "  0.04231247 0.35839286 0.15870498 0.07144313]\n",
      " [0.01993041 0.00138507 0.940728   0.01200988 0.00513261 0.00573924\n",
      "  0.00869516 0.00101846 0.00333425 0.0020269 ]\n",
      " [0.00695152 0.19608153 0.02424106 0.07855703 0.13360445 0.1027471\n",
      "  0.01191746 0.10227363 0.15147035 0.19215587]\n",
      " [0.91666275 0.00000121 0.00074918 0.0013005  0.00098423 0.07123482\n",
      "  0.00070503 0.00477163 0.00048505 0.00310564]\n",
      " [0.09557099 0.02229767 0.17568813 0.34106037 0.00668891 0.21053109\n",
      "  0.01910945 0.02130871 0.09433432 0.01341033]\n",
      " [0.03786611 0.00004059 0.00876266 0.05810145 0.01029768 0.25686952\n",
      "  0.00156316 0.08419597 0.4472     0.09510283]\n",
      " [0.3161094  0.00062762 0.08594763 0.001393   0.01203608 0.04240669\n",
      "  0.4832187  0.00474446 0.04421071 0.00930565]\n",
      " [0.11266838 0.12732399 0.1693666  0.15085341 0.00214311 0.26069114\n",
      "  0.00902881 0.00752596 0.15709376 0.0033048 ]]\n"
     ]
    },
    {
     "name": "stdout",
     "output_type": "stream",
     "text": [
      "INFO:tensorflow:loss = 0.91013736, step = 2003\n",
      "INFO:tensorflow:Saving checkpoints for 2003 into /tmp/mnist_convnet_model/model.ckpt.\n",
      "WARNING:tensorflow:From /Users/mandy/Library/Python/3.7/lib/python/site-packages/tensorflow/python/training/saver.py:966: remove_checkpoint (from tensorflow.python.training.checkpoint_management) is deprecated and will be removed in a future version.\n",
      "Instructions for updating:\n",
      "Use standard file APIs to delete files with this prefix.\n",
      "INFO:tensorflow:Loss for final step: 0.91013736.\n"
     ]
    },
    {
     "data": {
      "text/plain": [
       "<tensorflow_estimator.python.estimator.estimator.Estimator at 0x1301e0048>"
      ]
     },
     "execution_count": 19,
     "metadata": {},
     "output_type": "execute_result"
    }
   ],
   "source": [
    "# Train the model\n",
    "train_input_fn = tf.estimator.inputs.numpy_input_fn(\n",
    "    x={\"x\": train_data},\n",
    "    y=train_labels,\n",
    "    batch_size=100,\n",
    "    num_epochs=None,\n",
    "    shuffle=True)\n",
    "\n",
    "# train one step and display the probabilties\n",
    "mnist_classifier.train(\n",
    "    input_fn=train_input_fn,\n",
    "    steps=1,\n",
    "    hooks=[logging_hook])"
   ]
  },
  {
   "cell_type": "code",
   "execution_count": 20,
   "metadata": {},
   "outputs": [
    {
     "name": "stdout",
     "output_type": "stream",
     "text": [
      "INFO:tensorflow:Calling model_fn.\n",
      "INFO:tensorflow:Done calling model_fn.\n",
      "INFO:tensorflow:Create CheckpointSaverHook.\n",
      "INFO:tensorflow:Graph was finalized.\n",
      "INFO:tensorflow:Restoring parameters from /tmp/mnist_convnet_model/model.ckpt-2003\n",
      "INFO:tensorflow:Running local_init_op.\n",
      "INFO:tensorflow:Done running local_init_op.\n",
      "INFO:tensorflow:Saving checkpoints for 2003 into /tmp/mnist_convnet_model/model.ckpt.\n",
      "INFO:tensorflow:loss = 0.71231604, step = 2004\n",
      "INFO:tensorflow:global_step/sec: 6.42397\n",
      "INFO:tensorflow:loss = 0.6226307, step = 2104 (15.568 sec)\n",
      "INFO:tensorflow:global_step/sec: 6.72287\n",
      "INFO:tensorflow:loss = 0.6071113, step = 2204 (14.874 sec)\n",
      "INFO:tensorflow:global_step/sec: 6.688\n",
      "INFO:tensorflow:loss = 0.60804164, step = 2304 (14.953 sec)\n",
      "INFO:tensorflow:global_step/sec: 6.5446\n",
      "INFO:tensorflow:loss = 0.61811644, step = 2404 (15.279 sec)\n",
      "INFO:tensorflow:global_step/sec: 6.67699\n",
      "INFO:tensorflow:loss = 0.3932787, step = 2504 (14.977 sec)\n",
      "INFO:tensorflow:global_step/sec: 6.71637\n",
      "INFO:tensorflow:loss = 0.5254767, step = 2604 (14.889 sec)\n",
      "INFO:tensorflow:global_step/sec: 6.75217\n",
      "INFO:tensorflow:loss = 0.40464127, step = 2704 (14.810 sec)\n",
      "INFO:tensorflow:global_step/sec: 6.76606\n",
      "INFO:tensorflow:loss = 0.47881994, step = 2804 (14.780 sec)\n",
      "INFO:tensorflow:global_step/sec: 6.74453\n",
      "INFO:tensorflow:loss = 0.3546233, step = 2904 (14.827 sec)\n",
      "INFO:tensorflow:Saving checkpoints for 3003 into /tmp/mnist_convnet_model/model.ckpt.\n",
      "INFO:tensorflow:Loss for final step: 0.5685817.\n"
     ]
    },
    {
     "data": {
      "text/plain": [
       "<tensorflow_estimator.python.estimator.estimator.Estimator at 0x1301e0048>"
      ]
     },
     "execution_count": 20,
     "metadata": {},
     "output_type": "execute_result"
    }
   ],
   "source": [
    "mnist_classifier.train(input_fn=train_input_fn, steps=1000)"
   ]
  },
  {
   "cell_type": "markdown",
   "metadata": {},
   "source": [
    "#### Evaluate model: accuracy"
   ]
  },
  {
   "cell_type": "code",
   "execution_count": 21,
   "metadata": {},
   "outputs": [
    {
     "name": "stdout",
     "output_type": "stream",
     "text": [
      "INFO:tensorflow:Calling model_fn.\n",
      "INFO:tensorflow:Done calling model_fn.\n",
      "INFO:tensorflow:Starting evaluation at 2019-05-02T08:29:24Z\n",
      "INFO:tensorflow:Graph was finalized.\n",
      "INFO:tensorflow:Restoring parameters from /tmp/mnist_convnet_model/model.ckpt-3003\n",
      "INFO:tensorflow:Running local_init_op.\n",
      "INFO:tensorflow:Done running local_init_op.\n",
      "INFO:tensorflow:Finished evaluation at 2019-05-02-08:29:29\n",
      "INFO:tensorflow:Saving dict for global step 3003: accuracy = 0.8974, global_step = 3003, loss = 0.38864443\n",
      "INFO:tensorflow:Saving 'checkpoint_path' summary for global step 3003: /tmp/mnist_convnet_model/model.ckpt-3003\n",
      "{'accuracy': 0.8974, 'loss': 0.38864443, 'global_step': 3003}\n"
     ]
    }
   ],
   "source": [
    "eval_input_fn = tf.estimator.inputs.numpy_input_fn(\n",
    "    x={\"x\": eval_data},\n",
    "    y=eval_labels,\n",
    "    num_epochs=1,\n",
    "    shuffle=False)\n",
    "\n",
    "eval_results = mnist_classifier.evaluate(input_fn=eval_input_fn)\n",
    "print(eval_results)"
   ]
  },
  {
   "cell_type": "code",
   "execution_count": null,
   "metadata": {},
   "outputs": [],
   "source": []
  },
  {
   "cell_type": "code",
   "execution_count": null,
   "metadata": {},
   "outputs": [],
   "source": []
  },
  {
   "cell_type": "code",
   "execution_count": null,
   "metadata": {},
   "outputs": [],
   "source": []
  },
  {
   "cell_type": "code",
   "execution_count": null,
   "metadata": {},
   "outputs": [],
   "source": []
  }
 ],
 "metadata": {
  "kernelspec": {
   "display_name": "Python 3",
   "language": "python",
   "name": "python3"
  },
  "language_info": {
   "codemirror_mode": {
    "name": "ipython",
    "version": 3
   },
   "file_extension": ".py",
   "mimetype": "text/x-python",
   "name": "python",
   "nbconvert_exporter": "python",
   "pygments_lexer": "ipython3",
   "version": "3.7.1"
  }
 },
 "nbformat": 4,
 "nbformat_minor": 2
}
